%PMSM电机参数信息：
B=0;
Flux=0.0083333;
J=2.81e-4;
L=6e-5;
Pn=4;
R=0.003;
T=0.05;
Tf=0;